235 593 225 966
225 966 665 966
665 966 682 989
682 989 682 1130
682 1130 743 1130
743 1130 742 1004
742 1004 1355 1004
1355 1004 1355 717 
1355 717 1219 717 
1219 717 1219 347
1219 347 780 347
780 347 780 326
780 325 355 325
355 325 355 479 
355 479 235 593
850 735 1155 735
1155 735 1155 861
1155 861 829 861
829 861 829 755
829 755 850 735
424 758 424 865
424 865 557 865
557 865 557 759
557 759 534 731
534 731 444 731
444 731 424 758
444 662 540 661
540 661 561 639
561 639 561 458
561 458 425 458
425 458 425 639
425 639 444 662
855 464 1060 461
1060 461 1086 484
1086 484 1086 636
1086 636 1063 660 
1063 660 854 660 
854 660 831 638 
831 638 831 480 
831 480 855 464
